%YAML:1.0
---
camera_matrix: !!opencv-matrix
   rows: 3
   cols: 3
   dt: d
   data: [ 719.9936010796215, 0., 963.99507800384481, 0.,
       720.2384849865407, 465.00417710002125, 0., 0., 1. ]
dist_coeffs: !!opencv-matrix
   rows: 4
   cols: 1
   dt: d
   data: [ -0.012415581471058531, -0.013801614472347661,
       0.0076402548335736051, -0.0020446848979302 ]
image_width: 1920
image_height: 1080
Knew: !!opencv-matrix
   rows: 3
   cols: 3
   dt: d
   data: [ 575.99488086369718, 0., 963.99507800384481, 0.,
       576.1907879892326, 465.00417710002125, 0., 0., 1. ]
